  0  0    0  0    1.0000000   -0.0000001    0.0134408    0.0002949    0.0005523 
                  0.0000402    0.0000394    0.0000059    0.0000042              
  0  2    0  0    0.9998109    0.0022520    0.0134718    0.0003869    0.0005576 
                  0.0000467    0.0000402    0.0000065    0.0000043              
  0  4    0  0    0.9979369    0.0074426    0.0135631    0.0006003    0.0005724 
                  0.0000619    0.0000425    0.0000082    0.0000047              
  0  6    0  0    0.9911646    0.0153657    0.0137569    0.0009318    0.0006019 
                  0.0000863    0.0000468    0.0000108    0.0000054              
  0  8    0  0    0.9750970    0.0255720    0.0141070    0.0013742    0.0006535 
                  0.0001206    0.0000541    0.0000148    0.0000067              
  0 10    0  0    0.9450186    0.0372669    0.0146582    0.0019147    0.0007350 
                  0.0001657    0.0000657    0.0000205    0.0000087              
  1  0    0  0    0.0          0.1148836    0.0050772    0.0049356    0.0005682 
                  0.0003752    0.0000765    0.0000427    0.0000127              
  1  2    0  0   -0.0190400    0.1143940    0.0053235    0.0049556    0.0006020 
                  0.0003811    0.0000810    0.0000440    0.0000135              
  1  4    0  0   -0.0624348    0.1127821    0.0058686    0.0049943    0.0006790 
                  0.0003953    0.0000915    0.0000470    0.0000153              
  1  6    0  0   -0.1273766    0.1090232    0.0066261    0.0050314    0.0007943 
                  0.0004180    0.0001080    0.0000522    0.0000182              
  1  8    0  0   -0.2087083    0.1018080    0.0074256    0.0050343    0.0009369 
                  0.0004493    0.0001303    0.0000598    0.0000225              
  0  2    0  2    1.0000000    0.0045062    0.0135182    0.0004795    0.0005640 
                  0.0000533    0.0000412    0.0000072    0.0000045              
  0  4    0  2    0.9989960    0.0097050    0.0136451    0.0006949    0.0005813 
                  0.0000688    0.0000437    0.0000089    0.0000049              
  0  6    0  2    0.9935477    0.0176496    0.0138938    0.0010305    0.0006148 
                  0.0000939    0.0000484    0.0000117    0.0000057              
  0  8    0  2    0.9791786    0.0279003    0.0143169    0.0014804    0.0006719 
                  0.0001292    0.0000564    0.0000159    0.0000070              
  0 10    0  2    0.9510360    0.0396703    0.0149565    0.0020330    0.0007607 
                  0.0001761    0.0000688    0.0000219    0.0000092              
  1  0    0  2    0.0191403    0.1155741    0.0058914    0.0050179    0.0006291 
                  0.0003866    0.0000833    0.0000447    0.0000138              
  1  2    0  2    0.0          0.1151258    0.0061397    0.0050435    0.0006637 
                  0.0003932    0.0000880    0.0000460    0.0000145              
  1  4    0  2   -0.0437058    0.1136053    0.0066885    0.0050948    0.0007428 
                  0.0004091    0.0000989    0.0000493    0.0000165              
  1  6    0  2   -0.1093360    0.1099737    0.0074478    0.0051507    0.0008613 
                  0.0004345    0.0001163    0.0000549    0.0000196              
  1  8    0  2   -0.1919436    0.1028939    0.0082426    0.0051767    0.0010084 
                  0.0004692    0.0001397    0.0000632    0.0000242              
  0  4    0  4    1.0000000    0.0149303    0.0138546    0.0009157    0.0006045 
                  0.0000853    0.0000468    0.0000107    0.0000054              
  0  6    0  4    0.9976250    0.0229367    0.0142314    0.0012623    0.0006474 
                  0.0001119    0.0000526    0.0000138    0.0000064              
  0  8    0  4    0.9872302    0.0333061    0.0148254    0.0017316    0.0007178 
                  0.0001501    0.0000621    0.0000185    0.0000080              
  0 10    0  4    0.9636662    0.0452709    0.0156738    0.0023151    0.0008241 
                  0.0002015    0.0000767    0.0000252    0.0000105              
  1  0    0  4    0.0635265    0.1173473    0.0077960    0.0052313    0.0007742 
                  0.0004159    0.0000999    0.0000496    0.0000164              
  1  2    0  4    0.0442370    0.1169961    0.0080520    0.0052701    0.0008111 
                  0.0004243    0.0001050    0.0000512    0.0000173              
  1  4    0  4    0.0          0.1156913    0.0086153    0.0053513    0.0008956 
                  0.0004442    0.0001172    0.0000553    0.0000194              
  1  6    0  4   -0.0669442    0.1123626    0.0093888    0.0054521    0.0010229 
                  0.0004761    0.0001365    0.0000620    0.0000231              
  1  8    0  4   -0.1521641    0.1056095    0.0101849    0.0055340    0.0011821 
                  0.0005195    0.0001629    0.0000720    0.0000284              
  0  6    0  6    1.0000000    0.0310708    0.0148088    0.0016299    0.0007056 
                  0.0001417    0.0000601    0.0000174    0.0000076              
  0  8    0  6    0.9958346    0.0416685    0.0156731    0.0021351    0.0007978 
                  0.0001850    0.0000722    0.0000230    0.0000096              
  0 10    0  6    0.9795815    0.0539932    0.0168560    0.0027743    0.0009331 
                  0.0002444    0.0000907    0.0000311    0.0000128              
  1  0    0  6    0.1320265    0.1205633    0.0107962    0.0056246    0.0010110 
                  0.0004698    0.0001280    0.0000586    0.0000209              
  1  2    0  6    0.1127337    0.1203679    0.0110716    0.0056847    0.0010524 
                  0.0004811    0.0001341    0.0000608    0.0000221              
  1  4    0  6    0.0681957    0.1194123    0.0116754    0.0058150    0.0011476 
                  0.0005080    0.0001485    0.0000661    0.0000247              
  1  6    0  6    0.0          0.1165807    0.0124981    0.0059900    0.0012921 
                  0.0005509    0.0001716    0.0000749    0.0000292              
  1  8    0  6   -0.0882911    0.1103776    0.0133318    0.0061651    0.0014750 
                  0.0006095    0.0002035    0.0000879    0.0000359              
  0  8    0  8    1.0000000    0.0526520    0.0169074    0.0026991    0.0009214 
                  0.0002368    0.0000884    0.0000300    0.0000124              
  0 10    0  8    0.9937736    0.0655660    0.0185570    0.0034275    0.0010998 
                  0.0003092    0.0001129    0.0000405    0.0000167              
  1  0    0  8    0.2216758    0.1256845    0.0148807    0.0062670    0.0013521 
                  0.0005584    0.0001709    0.0000737    0.0000283              
  1  2    0  8    0.2028021    0.1257117    0.0151968    0.0063581    0.0014014 
                  0.0005743    0.0001786    0.0000767    0.0000298              
  1  4    0  8    0.1588422    0.1252597    0.0158890    0.0065599    0.0015155 
                  0.0006118    0.0001968    0.0000840    0.0000333              
  1  6    0  8    0.0904747    0.1231589    0.0168311    0.0068442    0.0016903 
                  0.0006719    0.0002263    0.0000962    0.0000393              
  1  8    0  8    0.0          0.1177949    0.0177866    0.0071594    0.0019151 
                  0.0007543    0.0002678    0.0001141    0.0000483              
  0 10    0 10    1.0000000    0.0793658    0.0208090    0.0042893    0.0013385 
                  0.0004017    0.0001463    0.0000546    0.0000227              
  1  0    0 10    0.3266008    0.1330911    0.0199954    0.0072356    0.0018149 
                  0.0006951    0.0002335    0.0000976    0.0000397              
  1  2    0 10    0.3088740    0.1334224    0.0203847    0.0073693    0.0018772 
                  0.0007176    0.0002437    0.0001019    0.0000417              
  1  4    0 10    0.2671067    0.1336657    0.0212403    0.0076705    0.0020221 
                  0.0007709    0.0002681    0.0001123    0.0000467              
  1  6    0 10    0.2008498    0.1325988    0.0224169    0.0081091    0.0022468 
                  0.0008567    0.0003081    0.0001298    0.0000553              
  1  8    0 10    0.1107596    0.1284747    0.0236429    0.0086264    0.0025412 
                  0.0009755    0.0003652    0.0001558    0.0000682              
  1  0    1  0    1.0000000    0.0667019    0.0453816    0.0070406    0.0037060 
                  0.0009303    0.0004545    0.0001552    0.0000761              
  1  2    1  0    0.9994447    0.0690255    0.0457743    0.0073725    0.0037867 
                  0.0009778    0.0004704    0.0001637    0.0000796              
  1  4    1  0    0.9939426    0.0741857    0.0466144    0.0081359    0.0039783 
                  0.0010900    0.0005092    0.0001844    0.0000885              
  1  6    1  0    0.9741095    0.0814109    0.0477107    0.0092934    0.0042855 
                  0.0012694    0.0005744    0.0002189    0.0001037              
  1  8    1  0    0.9273883    0.0891621    0.0487354    0.0107570    0.0047077 
                  0.0015168    0.0006707    0.0002696    0.0001272              
  1  2    1  2    1.0000000    0.0713976    0.0462067    0.0077121    0.0038728 
                  0.0010270    0.0004873    0.0001727    0.0000834              
  1  4    1  2    0.9970509    0.0766791    0.0471398    0.0084944    0.0040771 
                  0.0011433    0.0005285    0.0001943    0.0000928              
  1  6    1  2    0.9810767    0.0841152    0.0483808    0.0096840    0.0044049 
                  0.0013298    0.0005978    0.0002306    0.0001090              
  1  8    1  2    0.9392027    0.0921813    0.0495971    0.0111950    0.0048558 
                  0.0015880    0.0007000    0.0002840    0.0001341              
  1  4    1  4    1.0000000    0.0822642    0.0482905    0.0093233    0.0043117 
                  0.0012699    0.0005755    0.0002185    0.0001036              
  1  6    1  4    0.9930242    0.0902269    0.0498732    0.0105917    0.0046886 
                  0.0014739    0.0006545    0.0002591    0.0001222              
  1  8    1  4    0.9626072    0.0990805    0.0515473    0.0122194    0.0052089 
                  0.0017587    0.0007714    0.0003194    0.0001510              
  1  6    1  6    1.0000000    0.0991033    0.0520003    0.0119944    0.0051460 
                  0.0017081    0.0007502    0.0003073    0.0001451              
  1  8    1  6    0.9877649    0.1093305    0.0544183    0.0138220    0.0057814 
                  0.0020391    0.0008920    0.0003797    0.0001806              
  1  8    1  8    1.0000000    0.1216475    0.0578819    0.0159508    0.0065846 
                  0.0024409    0.0010721    0.0004712    0.0002266              
                                                                                
