 9  1.0 1.0
 0.0 24 
       2.200  29107.559   29924.490  42406.855   -7743.394 -26442.316 
       2.400  17554.953   18085.859  26167.661   -5951.850 -14016.070 
       2.600  10822.911   11178.887  16588.765   -4551.893  -7622.176 
       2.800   6675.953    6920.427  10642.891   -3453.632  -4258.539 
       3.000   4049.988    4220.001   6847.971   -2599.592  -2450.171 
       3.400   1337.149    1419.233   2810.850   -1440.414   -893.951 
       3.800    316.471     354.833   1128.207    -782.123   -369.349 
       4.000    101.393     127.240    708.758    -574.458   -246.778 
       4.200    -12.989       4.265    442.852    -421.707   -168.544 
       4.400    -67.705     -56.263    275.492    -310.298   -117.207 
       4.600    -88.551     -81.021    170.514    -228.835    -82.918 
       4.800    -91.191     -86.266    105.010    -169.433    -59.562 
       5.000    -84.861     -81.653     64.363    -126.252    -43.311 
       5.200    -74.749     -72.672     39.246     -94.608    -31.938 
       5.600    -53.260     -52.403     14.391     -54.326    -18.039 
       5.800    -43.970     -43.424      8.658     -41.690    -13.809 
       6.250    -27.988     -27.793      2.724     -23.731     -7.907 
       6.750    -16.924     -16.864      0.742     -13.395     -4.528 
       7.000    -13.256     -13.224      0.382     -10.269     -3.504 
       7.250    -10.455     -10.437      0.194      -7.971     -2.747 
       7.750     -6.657      -6.652      0.042      -4.973     -1.744 
       8.000     -5.376      -5.374      0.013      -3.989     -1.410 
       9.000     -2.452      -2.452      0.007      -1.796     -0.650 
      10.000     -1.231      -1.231      0.003      -0.898     -0.330 
25.87373 29 
       2.400  12460.227   12980.139  19373.226   -5559.953 -10872.153 
       2.600   7952.375    8303.928  12609.458   -4228.687  -5985.266 
       2.800   4989.855    5230.255   8224.210   -3186.806  -3366.820 
       3.000   3038.927    3204.027   5345.654   -2381.276  -1946.407 
       3.200   1774.134    1887.349   3453.407   -1766.656  -1160.590 
       3.400    975.093    1052.313   2215.121   -1303.207   -714.572 
       3.600    486.995     539.310   1411.228    -957.911   -453.598 
       3.800    200.424     235.584    892.977    -702.375   -295.972 
       4.000     40.924      64.374    561.529    -514.602   -197.814 
       4.200    -41.132     -25.600    351.074    -377.323   -134.981 
       4.400    -77.765     -67.540    218.321    -277.280    -93.805 
       4.600    -89.023     -82.328    135.071    -204.534    -66.253 
       4.800    -87.021     -82.660     83.128    -151.626    -47.490 
       5.000    -78.773     -75.946     50.915    -113.046    -34.539 
       5.200    -68.295     -66.472     31.019     -84.861    -25.462 
       5.400    -57.658     -56.488     18.823     -64.216    -19.010 
       5.500    -52.634     -51.699     14.628     -56.018    -16.512 
       5.600    -47.897     -47.150     11.355     -48.973    -14.390 
       5.800    -39.397     -38.923      6.830     -37.701    -11.021 
       6.000    -32.232     -31.932      4.082     -29.266     -8.556 
       6.250    -25.005     -24.838      2.143     -21.616     -6.333 
       6.500    -19.422     -19.330      1.117     -16.192     -4.770 
       6.750    -15.142     -15.091      0.582     -12.295     -3.651 
       7.000    -11.879     -11.851      0.301      -9.462     -2.834 
       7.500     -7.475      -7.467      0.074      -5.810     -1.771 
       8.000     -4.855      -4.853      0.012      -3.722     -1.153 
       8.500     -3.247      -3.247      0.003      -2.471     -0.776 
       9.000     -2.230      -2.230      0.000      -1.690     -0.536 
       9.500     -1.568      -1.568      0.000      -1.185     -0.379 
47.375842 29
       2.200  10682.036   11423.492  18204.700   -6499.593 -13908.254 
       2.400   7231.151    7732.422  12118.746   -4934.870  -7622.010 
       2.600   4731.741    5070.406   8046.796   -3707.119  -4214.862 
       2.800   2967.822    3196.350   5303.574   -2759.321  -2373.822 
       3.000   1770.067    1923.877   3464.094   -2038.485  -1371.416 
       3.200    989.204    1092.327   2241.684   -1497.389   -815.964 
       3.400    501.417     570.256   1438.000   -1095.761   -500.235 
       3.600    210.457     256.175    914.897    -799.938   -315.357 
       3.800     46.476      76.681    577.773    -583.554   -203.817 
       4.000    -38.795     -18.942    362.390    -425.929   -134.676 
       4.200    -77.333     -64.345    225.921    -311.563    -90.742 
       4.400    -89.528     -81.067    140.049    -228.740    -62.224 
       4.600    -87.851     -82.364     86.339    -168.744    -43.376 
       4.800    -79.654     -76.110     52.936    -125.232    -30.716 
       5.000    -69.055     -66.776     32.291     -93.597    -22.083 
       5.200    -58.255     -56.797     19.597     -70.494    -16.120 
       5.400    -48.316     -47.387     11.838     -53.541    -11.947 
       5.500    -43.822     -43.082      9.184     -46.822    -10.340 
       5.600    -39.668     -39.080      7.118     -41.038     -8.983 
       5.800    -32.381     -32.010      4.262     -31.741     -6.855 
       6.000    -26.364     -26.132      2.543     -24.773     -5.308 
       6.250    -20.398     -20.269      1.330     -18.420     -3.926 
       6.500    -15.833     -15.762      0.694     -13.890     -2.961 
       7.000     -9.716      -9.696      0.187      -8.222     -1.771 
       7.500     -6.151      -6.145      0.046      -5.105     -1.116 
       8.000     -4.019      -4.018      0.007      -3.300     -0.732 
       8.500     -2.704      -2.703      0.002      -2.208     -0.496 
       9.000     -1.867      -1.867      0.000      -1.519     -0.345 
       9.500     -1.320      -1.319      0.000      -1.071     -0.246 
68.708226 25
       2.200   6699.157    7408.971  12780.031   -5917.142 -11614.955 
       2.400   4554.185    5035.862   8486.999   -4450.230  -6351.829 
       2.600   2932.419    3256.517   5606.147   -3311.813  -3498.288 
       2.800   1777.300    1994.014   3671.630   -2444.373  -1957.826 
       3.000   1000.856    1144.985   2382.006   -1792.510  -1120.069 
       3.200    506.566     601.965   1531.303   -1308.422   -657.209 
       3.400    208.575     271.459    976.062    -952.474   -395.530 
       3.600     39.764      81.038    617.093    -692.465   -243.702 
       3.800    -47.822     -20.847    387.221    -503.493   -153.397 
       4.000    -86.785     -69.224    241.359    -366.740    -98.435 
       4.200    -98.251     -86.860    149.525    -267.979    -64.288 
       4.400    -95.305     -87.945     92.101    -196.687    -42.688 
       4.600    -85.708     -80.970     56.423    -145.207    -28.801 
       4.800    -73.798     -70.760     34.377    -107.909    -19.756 
       5.000    -61.879     -59.939     20.835     -80.814    -13.779 
       5.200    -51.029     -49.796     12.568     -61.032     -9.780 
       5.400    -41.658     -40.879      7.544     -46.499     -7.070 
       5.500    -37.552     -36.934      5.836     -40.729     -6.052 
       6.000    -22.192     -22.001      1.600     -21.765     -2.973 
       6.500    -13.255     -13.198      0.435     -12.326     -1.622 
       7.000     -8.138      -8.121      0.118      -7.363     -0.962 
       7.500     -5.165      -5.160      0.030      -4.607     -0.607 
       8.000     -3.387      -3.385      0.006      -2.998     -0.400 
       9.000     -1.584      -1.584      0.001      -1.393     -0.190 
       9.500     -1.123      -1.123      0.000      -0.986     -0.136 
90.00000 31
       2.200   5074.053    5770.139  11069.765   -5673.911 -11737.288 
       2.400   3432.827    3907.273   7292.920   -4258.595  -6386.484 
       2.600   2184.140    2504.155   4793.189   -3164.464  -3492.825 
       2.800   1293.494    1507.632   3129.406   -2333.114  -1935.115 
       3.000    697.160     839.518   2026.520   -1709.953  -1092.466 
       3.200    321.274     415.380   1301.317   -1247.890   -630.557 
       3.400     98.921     160.833    828.942    -908.432   -372.185 
       3.600    -22.910      17.629    523.795    -660.585   -224.396 
       3.800    -82.043     -55.614    328.547    -480.562   -138.055 
       4.000   -104.258     -87.095    204.672    -350.267    -86.557 
       4.200   -106.150     -95.046    126.711    -256.159    -55.230 
       4.400    -97.929     -90.771     77.993    -188.202    -35.836 
       4.600    -85.569     -80.972     47.738    -139.067    -23.643 
       4.800    -72.352     -69.411     29.064    -103.463    -15.870 
       5.000    -59.927     -58.054     17.598     -77.562    -10.847 
       5.200    -49.005     -47.817     10.605     -58.647     -7.558 
       5.400    -39.769     -39.019      6.362     -44.743     -5.372 
       5.500    -35.764     -35.169      4.920     -39.213     -4.563 
       5.600    -32.143     -31.672      3.801     -34.447     -3.896 
       5.800    -25.956     -25.661      2.265     -26.777     -2.882 
       6.000    -20.982     -20.799      1.347     -21.014     -2.174 
       6.250    -16.142     -16.041      0.703     -15.724     -1.570 
       6.500    -12.494     -12.440      0.366     -11.930     -1.164 
       6.750     -9.745      -9.715      0.190      -9.173     -0.884 
       7.000     -7.663      -7.647      0.099      -7.141     -0.684 
       7.250     -6.078      -6.069      0.051      -5.623     -0.538 
       7.500     -4.862      -4.857      0.026      -4.475     -0.430 
       8.000     -3.186      -3.185      0.007      -2.915     -0.283 
       8.500     -2.151      -2.151      0.002      -1.962     -0.192 
       9.000     -1.491      -1.491      0.001      -1.358     -0.134 
       9.500     -1.057      -1.057      0.001      -0.962     -0.096 
111.29177 29
       2.200   4335.196    5031.459  10915.635   -5718.270 -12725.560 
       2.400   3035.245    3513.993   7224.782   -4304.452  -6860.070 
       2.600   1985.575    2311.106   4783.267   -3208.417  -3713.349 
       2.800   1201.352    1420.696   3148.541   -2372.622  -2034.357 
       3.000    657.649     804.271   2055.619   -1743.770  -1135.234 
       3.200    305.630     402.954   1330.378   -1275.849   -648.129 
       3.400     93.029     157.247    853.885    -930.995   -379.220 
       3.600    -25.554      16.584    543.490    -678.451   -227.388 
       3.800    -84.161     -56.653    343.197    -494.472   -139.699 
       4.000   -106.676     -88.797    215.143    -360.968    -87.878 
       4.200   -108.932     -97.357    133.966    -264.309    -56.541 
       4.400   -100.889     -93.423     82.908    -194.372    -37.172 
       4.600    -88.495     -83.696     51.014    -143.727    -24.955 
       4.800    -75.091     -72.018     31.216    -106.978    -17.105 
       5.000    -62.394     -60.434     18.998     -80.222    -11.971 
       5.200    -51.157     -49.912     11.503     -60.654     -8.553 
       5.400    -41.609     -40.822      6.933     -46.262     -6.236 
       5.500    -37.460     -36.835      5.373     -40.541     -5.365 
       5.600    -33.702     -33.207      4.161     -35.610     -4.637 
       5.800    -27.257     -26.947      2.489     -27.667     -3.510 
       6.000    -22.061     -21.868      1.485     -21.698     -2.704 
       6.250    -16.993     -16.886      0.777     -16.223     -1.995 
       6.500    -13.167     -13.109      0.404     -12.300     -1.505 
       7.000     -8.083      -8.066      0.108      -7.349     -0.905 
       7.500     -5.127      -5.122      0.030      -4.598     -0.576 
       8.000     -3.358      -3.357      0.010      -2.992     -0.381 
       8.500     -2.266      -2.266      0.005      -2.012     -0.261 
       9.000     -1.570      -1.570      0.003      -1.391     -0.183 
       9.500     -1.113      -1.113      0.002      -0.984     -0.131 
132.624158 29 
       2.200   3962.069    4661.760  11284.015   -5912.442 -13717.301 
       2.400   2956.332    3442.732   7554.285   -4465.799  -7320.762 
       2.600   2029.581    2363.398   5061.714   -3339.104  -3921.993 
       2.800   1278.531    1505.176   3369.354   -2475.989  -2128.106 
       3.000    728.892     881.306   2221.972   -1823.956  -1178.950 
       3.200    358.692     460.315   1450.972   -1337.035   -670.816 
       3.400    127.509     194.783    938.890    -977.136   -393.351 
       3.600     -6.021      38.229    602.044    -712.957   -237.976 
       3.800    -75.226     -46.285    382.754    -520.116   -148.574 
       4.000   -104.542     -85.705    241.449    -379.930    -95.627 
       4.200   -110.787     -98.575    151.219    -278.298    -63.321 
       4.400   -104.797     -96.908     94.091    -204.685    -43.031 
       4.600    -93.227     -88.149     58.191    -151.340    -29.946 
       4.800    -79.912     -76.655     35.785    -112.613    -21.302 
       5.000    -66.916     -64.834     21.879     -84.409    -15.465 
       5.200    -55.196     -53.871     13.309     -63.782    -11.444 
       5.400    -45.111     -44.271      8.053     -48.610     -8.618 
       5.500    -40.694     -40.026      6.254     -42.582     -7.525 
       5.600    -36.679     -36.149      4.852     -37.388     -6.596 
       5.800    -29.762     -29.428      2.911     -29.024     -5.123 
       6.000    -24.149     -23.940      1.741     -22.741     -4.031 
       6.250    -18.648     -18.533      0.912     -16.983     -3.040 
       6.500    -14.476     -14.413      0.475     -12.861     -2.332 
       7.000     -8.909      -8.891      0.128      -7.669     -1.432 
       7.500     -5.658      -5.653      0.037      -4.791     -0.921 
       8.000     -3.709      -3.708      0.014      -3.114     -0.614 
       8.500     -2.505      -2.504      0.007      -2.092     -0.421 
       9.000     -1.736      -1.736      0.005      -1.445     -0.296 
       9.500     -1.231      -1.231      0.003      -1.022     -0.212 
154.12627 26 
       2.200   3817.287    4518.352  11679.296   -6121.819 -14317.208 
       2.400   3002.817    3494.789   7899.314   -4632.257  -7594.418 
       2.600   2139.950    2480.038   5344.539   -3468.542  -4042.254 
       2.800   1388.826    1621.005   3587.507   -2574.757  -2181.277 
       3.000    815.638     972.410   2382.426   -1897.936  -1204.752 
       3.200    418.413     523.260   1565.060   -1391.729   -686.532 
       3.400    164.488     234.055   1017.982   -1017.188   -405.667 
       3.600     14.330      60.172    655.785    -742.126   -248.891 
       3.800    -65.998     -35.968    418.650    -541.271   -158.479 
       4.000   -102.198     -82.623    265.106    -395.250   -104.499 
       4.200   -112.341     -99.633    166.631    -289.376    -71.086 
       4.400   -108.325    -100.104    104.023    -212.708    -49.680 
       4.600    -97.530     -92.230     64.538    -157.169    -35.541 
       4.800    -84.302     -80.897     39.810    -116.868    -25.949 
       5.000    -71.040     -68.859     24.402     -87.531    -19.292 
       5.200    -58.880     -57.489     14.882     -66.089    -14.578 
       5.400    -48.312     -47.429      9.015     -50.326    -11.178 
       5.500    -43.649     -42.946      7.009     -44.066     -9.839 
       6.000    -26.054     -25.834      1.959     -23.488     -5.434 
       6.500    -15.675     -15.608      0.537     -13.262     -3.198 
       7.000     -9.672      -9.653      0.145      -7.901     -1.983 
       7.500     -6.154      -6.148      0.042      -4.932     -1.282 
       8.000     -4.039      -4.037      0.017      -3.204     -0.857 
       8.500     -2.730      -2.729      0.010      -2.152     -0.589 
       9.000     -1.894      -1.894      0.006      -1.486     -0.414 
       9.500     -1.345      -1.345      0.004      -1.051     -0.298 
180.0 24
       2.200   3802.781    4503.719  11875.834   -6234.828 -14512.368 
       2.400   3053.787    3548.019   8072.393   -4720.357  -7684.520 
       2.600   2208.054    2550.842   5485.363   -3535.266  -4081.951 
       2.800   1450.666    1685.244   3696.212   -2624.588  -2198.553 
       3.000    862.642    1021.306   2462.335   -1934.443  -1213.510 
       3.400    183.401     253.983   1056.702   -1036.211   -411.790 
       3.800    -61.236     -30.718    436.219    -550.919   -163.894 
       4.000   -100.944     -81.035    276.633    -402.094   -109.396 
       4.200   -113.093    -100.156    174.103    -294.259    -75.391 
       4.400   -110.078    -101.701    108.818    -216.198    -53.368 
       4.600    -99.669     -94.263     67.593    -159.672    -38.637 
       4.800    -86.471     -82.994     41.747    -118.666    -28.511 
       5.000    -73.059     -70.831     25.630     -88.836    -21.392 
       5.200    -60.678     -59.256     15.647     -67.035    -16.289 
       5.600    -40.732     -40.159      5.731     -39.196     -9.820 
       5.800    -33.165     -32.804      3.443     -30.388     -7.755 
       6.250    -20.910     -20.785      1.081     -17.744     -4.731 
       6.750    -12.743     -12.706      0.293     -10.293     -2.874 
       7.000    -10.051     -10.031      0.153      -7.993     -2.279 
       7.250     -7.991      -7.980      0.080      -6.281     -1.825 
       7.750     -5.170      -5.167      0.027      -4.004     -1.202 
       8.000     -4.205      -4.203      0.019      -3.242     -0.987 
       9.000     -1.974      -1.974      0.007      -1.504     -0.477 
      10.000     -0.951      -0.951      0.002      -0.771     -0.178 

